30
0.001548 0.002101 0.000398 0.000796 0.001083 0.002056 0.001990 0.000973 0.001703 0.000752 0.000973 0.000243 0.000398 0.000199 0.001857 0.000243 0.002123 0.000354 0.001924 0.001106 0.000973 0.001459 0.001172 0.000243 0.001216 0.001327 0.000818 0.000332 0.001747 0.002056 
0.001526 0.001083 0.001946 0.001924 0.001879 0.001968 0.000730 0.000597 0.000752 0.000221 0.001371 0.001725 0.000464 0.001769 0.001924 0.000133 0.000973 0.000774 0.001636 0.000685 0.000818 0.000398 0.002145 0.000929 0.001813 0.000111 0.000066 0.000420 0.000442 0.000752 
0.001415 0.001968 0.001835 0.000088 0.000641 0.000442 0.002078 0.000310 0.001061 0.000619 0.000531 0.001371 0.000133 0.002145 0.000929 0.000995 0.001216 0.000840 0.001769 0.000663 0.001526 0.001548 0.000000 0.000420 0.000265 0.001813 0.000531 0.001481 0.000044 0.002123 
0.000022 0.001459 0.000818 0.000796 0.001570 0.000398 0.001260 0.001437 0.000708 0.001260 0.000995 0.000177 0.000420 0.001128 0.000133 0.000287 0.001061 0.000287 0.001150 0.001769 0.000951 0.001614 0.001106 0.000973 0.002034 0.000332 0.001725 0.001504 0.001813 0.001769 
0.000354 0.000796 0.002189 0.001194 0.001592 0.000486 0.001592 0.001791 0.001924 0.000111 0.000840 0.001857 0.000287 0.000199 0.001924 0.001570 0.000509 0.000774 0.001879 0.000597 0.000332 0.001769 0.000000 0.000398 0.001680 0.002056 0.000730 0.001216 0.000287 0.001481 
0.000774 0.000663 0.000066 0.001902 0.000796 0.001680 0.000177 0.000177 0.000199 0.001039 0.001437 0.000000 0.000685 0.000685 0.000199 0.000398 0.001194 0.001857 0.000111 0.000862 0.000243 0.001614 0.001592 0.000265 0.002012 0.001061 0.001260 0.001680 0.000066 0.001548 
0.000951 0.002012 0.001150 0.001039 0.000641 0.001946 0.001658 0.000840 0.001083 0.001857 0.001879 0.001459 0.001857 0.001526 0.001083 0.002078 0.001924 0.000088 0.001725 0.000995 0.002101 0.001990 0.000398 0.000420 0.001194 0.001349 0.001504 0.000243 0.001968 0.000509 
0.000730 0.000708 0.001459 0.000840 0.000685 0.002123 0.001725 0.000133 0.001902 0.001747 0.000951 0.001570 0.001017 0.000597 0.002034 0.001039 0.001614 0.000708 0.000066 0.000088 0.001703 0.001128 0.001017 0.001039 0.001548 0.000000 0.000177 0.001990 0.001393 0.002145 
0.000310 0.002123 0.001791 0.000708 0.000752 0.000287 0.001769 0.001437 0.001570 0.001459 0.000973 0.000310 0.001990 0.000929 0.000929 0.001813 0.001990 0.001481 0.000310 0.002056 0.001570 0.000951 0.000973 0.000376 0.001990 0.001481 0.001526 0.001106 0.001260 0.000708 
0.001039 0.000509 0.001791 0.001791 0.001238 0.001481 0.002078 0.000796 0.000708 0.000376 0.001216 0.001703 0.000708 0.000995 0.001570 0.000575 0.000597 0.001349 0.002056 0.002078 0.000155 0.000376 0.000818 0.000066 0.000752 0.000619 0.001548 0.001238 0.000663 0.000619 
0.001946 0.001725 0.001128 0.000464 0.000243 0.001305 0.001968 0.001260 0.001061 0.001614 0.001636 0.000066 0.000044 0.000133 0.001061 0.001636 0.001857 0.000597 0.001924 0.001725 0.000464 0.002078 0.002101 0.000243 0.001106 0.001791 0.002012 0.000442 0.000818 0.000464 
0.000000 0.001725 0.001128 0.000088 0.001128 0.001371 0.001393 0.000884 0.000420 0.000243 0.001459 0.001017 0.000310 0.001504 0.000088 0.000310 0.000929 0.001968 0.000929 0.000663 0.001481 0.001393 0.001680 0.000310 0.000575 0.000575 0.002101 0.000376 0.002189 0.001879 
0.000862 0.002189 0.000332 0.001990 0.001216 0.001459 0.001172 0.000420 0.001305 0.000531 0.001813 0.000553 0.001548 0.001083 0.002056 0.001658 0.001393 0.001946 0.001415 0.000111 0.000398 0.001835 0.000464 0.001017 0.002145 0.001039 0.001614 0.000973 0.000376 0.000531 
0.001791 0.001238 0.001658 0.002123 0.001017 0.000685 0.000332 0.001128 0.000044 0.001636 0.001680 0.001857 0.002189 0.002167 0.001879 0.000973 0.000553 0.001083 0.000708 0.001968 0.000133 0.000044 0.000531 0.000597 0.001083 0.001614 0.000597 0.001636 0.001548 0.000973 
0.002167 0.001128 0.001150 0.001614 0.000000 0.002167 0.001238 0.000332 0.000044 0.001282 0.001968 0.000663 0.002101 0.000884 0.000619 0.001769 0.001857 0.001194 0.000641 0.000376 0.002101 0.001946 0.001570 0.001592 0.000332 0.000442 0.000995 0.002078 0.001017 0.001481 
0.001990 0.002123 0.000420 0.000929 0.000486 0.001570 0.002056 0.001725 0.001902 0.002101 0.001968 0.001658 0.000553 0.001857 0.000332 0.000111 0.000354 0.001128 0.001305 0.002167 0.000442 0.000155 0.001902 0.002034 0.001747 0.001172 0.001415 0.001680 0.000000 0.000243 
0.000973 0.001990 0.000155 0.000332 0.001879 0.001791 0.001902 0.001725 0.001327 0.000531 0.000553 0.001083 0.001128 0.001106 0.001879 0.000398 0.001216 0.001172 0.001526 0.001481 0.000066 0.001990 0.000575 0.001968 0.000752 0.001260 0.002101 0.002167 0.001879 0.002101 
0.001349 0.001791 0.001879 0.000464 0.002123 0.000486 0.000044 0.000752 0.000000 0.000310 0.000221 0.000553 0.000332 0.001349 0.000597 0.001150 0.001747 0.000774 0.000133 0.001083 0.000044 0.000199 0.002012 0.001769 0.001128 0.000553 0.000818 0.001017 0.001658 0.000486 
0.002056 0.000818 0.000088 0.000663 0.000221 0.001150 0.001172 0.000265 0.000862 0.001172 0.000597 0.001083 0.000685 0.000929 0.000243 0.001282 0.001039 0.001990 0.002056 0.001172 0.002012 0.001039 0.000310 0.000752 0.000597 0.001437 0.001305 0.001415 0.001393 0.001924 
0.000862 0.001238 0.001680 0.000951 0.001924 0.001902 0.002101 0.000884 0.002167 0.000752 0.000995 0.001703 0.000796 0.001680 0.001592 0.001039 0.001924 0.000420 0.001968 0.000708 0.000531 0.001791 0.001769 0.000840 0.001481 0.001305 0.001238 0.001747 0.000531 0.001570 
0.001459 0.000332 0.000619 0.000929 0.001282 0.001481 0.000619 0.000111 0.001305 0.001725 0.002034 0.000088 0.000177 0.000619 0.000730 0.001769 0.000597 0.001592 0.001128 0.000354 0.000088 0.001658 0.001083 0.001857 0.001437 0.000376 0.000973 0.001614 0.002123 0.000442 
0.000995 0.001371 0.000774 0.000553 0.001238 0.000995 0.002034 0.001857 0.000044 0.000066 0.000310 0.002078 0.000155 0.000486 0.001636 0.002034 0.001194 0.000022 0.001415 0.001260 0.000398 0.001526 0.001857 0.001481 0.000111 0.001106 0.000796 0.001083 0.001658 0.000708 
0.000464 0.001592 0.001017 0.000177 0.002145 0.000044 0.001172 0.000907 0.000840 0.001238 0.000973 0.001172 0.000044 0.000088 0.000597 0.001703 0.002123 0.001813 0.001725 0.001349 0.000862 0.001061 0.001813 0.000531 0.000354 0.001924 0.000575 0.000088 0.001968 0.000022 
0.000818 0.000221 0.001636 0.000774 0.000420 0.000509 0.000840 0.000531 0.001437 0.000619 0.000708 0.000199 0.001791 0.000774 0.001437 0.001349 0.000265 0.001371 0.000951 0.000929 0.001658 0.000752 0.002012 0.001260 0.000221 0.001305 0.000973 0.000796 0.001393 0.001879 
0.001990 0.001150 0.002123 0.000354 0.001946 0.001481 0.000862 0.000575 0.002012 0.001238 0.000133 0.001680 0.000398 0.000884 0.000243 0.001835 0.000022 0.001658 0.000995 0.000973 0.000376 0.001592 0.000663 0.001327 0.000641 0.000907 0.000420 0.000575 0.000641 0.000774 
0.000243 0.000420 0.001924 0.001305 0.000774 0.001658 0.001725 0.000597 0.001172 0.000486 0.001835 0.001327 0.002167 0.000022 0.000000 0.000199 0.001879 0.000022 0.000796 0.001813 0.002145 0.001172 0.001216 0.000597 0.001459 0.000796 0.000442 0.001879 0.001371 0.001106 
0.000442 0.000575 0.001526 0.001327 0.001879 0.001260 0.000774 0.001415 0.001857 0.001968 0.001902 0.000420 0.000022 0.000796 0.001614 0.001172 0.000995 0.000221 0.001194 0.001791 0.002034 0.000066 0.001902 0.002189 0.001813 0.000088 0.000796 0.000066 0.000929 0.001106 
0.001172 0.001371 0.000619 0.001636 0.001636 0.001459 0.000685 0.000221 0.001813 0.001481 0.001128 0.000442 0.000862 0.000088 0.001238 0.000265 0.001260 0.001172 0.000486 0.001393 0.001902 0.001459 0.001459 0.001592 0.001459 0.001061 0.000641 0.001194 0.000066 0.001570 
0.000088 0.001238 0.001879 0.001879 0.001835 0.001327 0.001128 0.001459 0.001548 0.000730 0.001902 0.001614 0.001172 0.000553 0.001703 0.000199 0.000818 0.001902 0.001371 0.001305 0.001083 0.001061 0.000553 0.001481 0.001592 0.000951 0.000332 0.000022 0.002145 0.001570 
0.001592 0.001194 0.001747 0.001282 0.000862 0.001371 0.000398 0.001990 0.000641 0.000884 0.000509 0.000332 0.001437 0.001680 0.000884 0.002078 0.001879 0.000641 0.001769 0.002189 0.001946 0.001791 0.001039 0.001437 0.001061 0.000420 0.000199 0.000332 0.001614 0.000133 
